expression	H3K27me3	H3K4me3	H3K27ac	H3K36me3
47.2144	1.70	4.28	8.64	2.99
563.153	1.70	4.28	8.64	2.99
46.8749	1.70	4.28	8.64	2.99
307.058	1.70	4.28	8.64	2.99
47.2144	1.01	4.35	7.12	2.39
563.153	1.01	4.35	7.12	2.39
307.058	1.01	4.35	7.12	2.39
47.2144	2.28	3.42	10.55	3.22
12.3486	2.28	3.42	10.55	3.22
307.058	2.28	3.42	10.55	3.22
47.2144	3.48	6.04	5.98	2.08
12.3486	3.48	6.04	5.98	2.08
307.058	3.48	6.04	5.98	2.08
47.2144	1.30	11.50	10.63	6.36
12.3486	1.30	11.50	10.63	6.36
307.058	1.30	11.50	10.63	6.36
47.2144	1.60	10.71	5.94	5.49
12.3486	1.60	10.71	5.94	5.49
307.058	1.60	10.71	5.94	5.49
47.2144	1.56	6.53	8.80	4.39
12.3486	1.56	6.53	8.80	4.39
307.058	1.56	6.53	8.80	4.39
47.2144	1.13	20.91	13.78	2.03
12.3486	1.13	20.91	13.78	2.03
307.058	1.13	20.91	13.78	2.03
12.3486	4.87	20.88	5.26	3.19
12.3486	3.01	21.40	5.99	1.95
12.3486	4.73	24.16	4.22	3.98
0.259599	9.91	1.84	3.26	2.70
0.0313888	9.91	1.84	3.26	2.70
0.259599	22.93	26.29	2.50	3.15
0.0313888	22.93	26.29	2.50	3.15
0.259599	16.63	9.81	2.64	2.67
0.0313888	16.63	9.81	2.64	2.67
307.663	5.04	9.99	7.09	1.62
9.71554	5.04	9.99	7.09	1.62
6.6294	5.04	9.99	7.09	1.62
4.82352	5.04	9.99	7.09	1.62
16.1802	3.58	4.65	6.36	3.08
52.1116	3.58	4.65	6.36	3.08
6.6294	3.58	4.65	6.36	3.08
52.1116	0.87	4.16	10.43	1.45
6.6294	0.87	4.16	10.43	1.45
4.82352	0.87	4.16	10.43	1.45
16.1802	4.63	41.89	4.29	2.34
0.589292	4.63	41.89	4.29	2.34
52.1116	4.63	41.89	4.29	2.34
6.6294	4.63	41.89	4.29	2.34
4.82352	4.63	41.89	4.29	2.34
16.1802	5.00	39.97	10.54	6.64
0.589292	5.00	39.97	10.54	6.64
52.1116	5.00	39.97	10.54	6.64
6.6294	5.00	39.97	10.54	6.64
32.0743	1.37	2.70	7.37	3.75
16.4231	1.37	2.70	7.37	3.75
25.2174	1.37	2.70	7.37	3.75
32.0743	0.89	9.71	7.49	1.23
16.4231	0.89	9.71	7.49	1.23
25.2174	0.89	9.71	7.49	1.23
7.41169	2.68	37.78	4.15	1.59
16.4231	2.68	37.78	4.15	1.59
7.41169	2.18	76.16	5.08	1.51
16.4231	2.18	76.16	5.08	1.51
10.6455	1.60	16.64	8.34	1.10
0.161697	1.60	16.64	8.34	1.10
0.181991	1.60	16.64	8.34	1.10
14.8881	1.60	16.64	8.34	1.10
0.161697	1.00	3.12	12.10	1.72
0.181991	1.00	3.12	12.10	1.72
14.8881	1.00	3.12	12.10	1.72
32.1243	1.04	17.82	8.04	1.75
32.1243	0.68	4.63	8.98	1.09
32.1243	1.14	6.82	13.60	2.43
32.1243	1.20	5.91	12.69	1.53
32.1243	0.37	13.27	6.59	2.87
32.1243	0.61	5.62	10.06	2.26
32.1243	0.69	6.14	10.88	2.06
0.0203838	1.64	22.75	9.08	1.28
17.0754	1.64	22.75	9.08	1.28
173.903	1.64	22.75	9.08	1.28
0.0203838	2.33	27.26	4.68	1.98
17.0754	2.33	27.26	4.68	1.98
173.903	2.33	27.26	4.68	1.98
3.39354	0.51	16.85	11.35	2.32
16.5441	0.51	16.85	11.35	2.32
3.39354	1.35	1.40	4.79	2.46
13.2992	0.66	4.66	7.85	1.88
14.1476	0.66	4.66	7.85	1.88
10.8845	0.66	12.29	3.30	2.77
32.1936	1.46	4.14	9.65	2.76
10.4193	1.46	4.14	9.65	2.76
32.1936	2.62	8.64	7.03	3.59
10.4193	2.62	8.64	7.03	3.59
32.1936	1.40	27.23	10.19	2.63
10.4193	1.40	27.23	10.19	2.63
21.3852	1.40	27.23	10.19	2.63
32.1936	1.29	8.00	10.66	3.45
10.4193	1.29	8.00	10.66	3.45
21.3852	1.29	8.00	10.66	3.45
21.3852	1.30	32.77	14.80	3.28
47.0741	0.56	12.15	8.94	2.47
0	0.56	12.15	8.94	2.47
47.0741	1.19	6.01	8.36	2.29
0	1.19	6.01	8.36	2.29
47.0741	0.91	38.46	14.56	3.54
0	0.91	38.46	14.56	3.54
47.0741	0.94	8.20	11.68	3.56
0	0.94	8.20	11.68	3.56
47.0741	0.79	28.15	16.86	4.07
0	0.79	28.15	16.86	4.07
0.105885	0.79	28.15	16.86	4.07
47.0741	0.82	15.96	18.22	3.48
0	0.82	15.96	18.22	3.48
47.0741	1.79	8.07	7.94	2.34
0	1.79	8.07	7.94	2.34
47.0741	0.59	8.30	5.60	1.83
0	0.59	8.30	5.60	1.83
47.0741	1.07	36.88	26.75	2.49
0	1.07	36.88	26.75	2.49
47.0741	1.39	3.42	11.16	8.92
0	1.39	3.42	11.16	8.92
47.0741	1.70	2.45	9.05	2.50
0	1.70	2.45	9.05	2.50
47.0741	2.58	22.77	12.70	2.15
0	2.58	22.77	12.70	2.15
2.24404	1.13	15.98	5.70	3.50
2.24404	1.67	2.06	7.34	3.62
2.24404	0.68	6.07	9.05	5.24
2.24404	2.77	22.76	4.80	2.49
4.70553	3.50	13.82	2.91	1.66
49.2964	3.50	13.82	2.91	1.66
4.70553	1.33	3.12	11.93	3.98
49.2964	1.33	3.12	11.93	3.98
4.70553	0.73	9.33	5.92	6.24
49.2964	0.73	9.33	5.92	6.24
4.70553	3.26	21.77	5.90	2.88
49.2964	3.26	21.77	5.90	2.88
4.70553	1.28	17.49	6.50	2.57
49.2964	1.28	17.49	6.50	2.57
4.70553	2.22	13.97	7.13	4.08
49.2964	2.22	13.97	7.13	4.08
3.06638	1.19	3.15	7.31	1.60
3.06638	0.73	7.72	13.68	1.51
3.06638	1.77	7.67	5.42	2.27
0.0137456	39.47	13.04	3.22	2.70
0.0177623	39.47	13.04	3.22	2.70
0.0343897	26.22	16.09	2.00	2.73
14.6781	26.22	16.09	2.00	2.73
0.0275934	26.22	16.09	2.00	2.73
0.23777	26.22	16.09	2.00	2.73
0.0343897	14.84	20.79	2.84	2.82
14.6781	14.84	20.79	2.84	2.82
0.0275934	14.84	20.79	2.84	2.82
0.23777	14.84	20.79	2.84	2.82
1.02681	0.94	5.37	11.14	1.57
1.02681	1.28	12.05	7.59	1.92
17.2695	1.35	11.01	4.88	1.89
1.38634	13.99	34.11	2.30	1.74
0.31711	2.18	4.43	8.01	10.45
6.8608	2.18	4.43	8.01	10.45
17.2695	2.18	4.43	8.01	10.45
1.61613	2.18	4.43	8.01	10.45
0.31711	0.68	6.71	11.55	3.88
6.8608	0.68	6.71	11.55	3.88
17.2695	0.68	6.71	11.55	3.88
1.61613	0.68	6.71	11.55	3.88
0.31711	0.31	17.73	3.17	0.87
6.8608	0.31	17.73	3.17	0.87
17.2695	0.31	17.73	3.17	0.87
1.61613	0.31	17.73	3.17	0.87
53.0949	0.31	17.73	3.17	0.87
0.100285	2.36	17.48	7.72	1.62
1.50442	2.36	17.48	7.72	1.62
13.0643	2.36	17.48	7.72	1.62
0.658914	2.36	17.48	7.72	1.62
0.0232104	1.99	33.37	3.73	1.29
0.100285	1.99	33.37	3.73	1.29
13.0643	1.99	33.37	3.73	1.29
6.4003	1.99	33.37	3.73	1.29
0.658914	1.99	33.37	3.73	1.29
0.0232104	2.84	8.93	3.05	1.77
13.0643	2.84	8.93	3.05	1.77
6.4003	2.84	8.93	3.05	1.77
0.658914	2.84	8.93	3.05	1.77
0.0232104	0.80	17.81	4.04	1.69
16.4592	0.80	17.81	4.04	1.69
6.4003	0.80	17.81	4.04	1.69
16.4592	1.53	10.48	6.92	2.07
4.67792	1.53	10.48	6.92	2.07
4.03412	1.84	5.58	10.93	1.90
16.4592	1.84	5.58	10.93	1.90
4.67792	1.84	5.58	10.93	1.90
4.03412	1.25	17.85	4.80	1.52
16.4592	1.25	17.85	4.80	1.52
4.67792	1.25	17.85	4.80	1.52
4.03412	1.69	24.84	7.34	2.42
16.4592	1.69	24.84	7.34	2.42
4.03412	2.01	23.55	7.18	1.83
16.4592	2.01	23.55	7.18	1.83
4.67792	2.01	23.55	7.18	1.83
4.03412	4.80	29.07	5.51	2.19
16.4592	4.80	29.07	5.51	2.19
4.67792	4.80	29.07	5.51	2.19
4.03412	0.98	18.94	7.38	1.72
4.67792	0.98	18.94	7.38	1.72
4.67792	4.11	43.15	2.15	4.54
97.5373	0.99	1.24	10.18	8.41
97.5373	0.85	12.84	4.11	8.30
97.5373	1.84	29.31	11.32	1.77
20.4918	1.94	8.92	3.12	1.18
20.4918	0.53	32.76	3.91	1.24
20.4918	1.64	4.79	6.88	1.75
20.4918	1.68	34.00	5.82	3.26
20.4918	1.24	2.60	8.77	3.10
10.5868	1.17	3.79	10.41	2.62
10.5868	1.68	3.84	7.74	3.14
10.5868	0.97	10.73	11.40	2.67
10.5868	0.99	4.88	11.08	2.21
10.5868	0.84	4.52	9.77	2.09
10.5868	1.47	13.43	6.90	1.90
10.5868	0.97	3.40	9.10	2.28
14.6772	2.13	16.92	4.56	2.56
10.5868	2.13	16.92	4.56	2.56
34.3062	1.45	19.79	10.68	1.10
10.4677	1.45	19.79	10.68	1.10
34.3062	1.23	12.09	8.97	1.31
10.4677	1.23	12.09	8.97	1.31
10.4677	4.37	11.68	4.24	2.21
10.4677	1.37	19.21	10.85	1.30
2.5351	7.61	14.09	2.86	1.03
118.288	7.61	14.09	2.86	1.03
1.35849	7.61	14.09	2.86	1.03
2.5351	2.17	75.03	10.80	2.29
118.288	2.17	75.03	10.80	2.29
1.35849	2.17	75.03	10.80	2.29
0.412665	0.76	2.56	9.18	1.93
2.76374	0.76	2.56	9.18	1.93
2.91926	1.82	6.27	2.68	1.73
29.544	1.24	5.38	7.42	1.66
2.91926	1.24	5.38	7.42	1.66
29.544	0.71	13.11	5.39	0.44
2.91926	0.71	13.11	5.39	0.44
29.544	1.24	9.38	7.63	2.77
2.91926	1.24	9.38	7.63	2.77
51.1523	1.06	1.73	13.06	10.86
51.1523	0.89	7.34	13.50	4.17
51.1523	1.67	2.60	9.43	5.06
11.217	5.32	42.59	2.61	1.45
66.1585	5.32	42.59	2.61	1.45
11.217	4.37	59.03	3.66	2.11
66.1585	4.37	59.03	3.66	2.11
11.217	1.04	7.56	10.20	3.71
11.217	1.92	48.69	5.06	1.52
11.3429	0.97	37.89	7.48	2.12
10.7152	0.97	37.89	7.48	2.12
71.3573	0.97	37.89	7.48	2.12
51.1523	0.97	37.89	7.48	2.12
2.0835	0.97	37.89	7.48	2.12
11.3429	2.01	31.09	3.88	1.38
10.7152	2.01	31.09	3.88	1.38
11.9151	4.07	10.07	2.68	2.25
0.186083	14.74	2.97	1.63	4.41
0.028867	14.74	2.97	1.63	4.41
0.186083	27.12	16.36	3.50	2.14
0.028867	27.12	16.36	3.50	2.14
0.186083	15.13	4.45	9.00	4.35
0.028867	15.13	4.45	9.00	4.35
0.186083	13.71	3.54	3.33	6.01
0.028867	13.71	3.54	3.33	6.01
0.186083	18.06	1.06	4.97	5.08
0.028867	18.06	1.06	4.97	5.08
53.8703	2.36	4.20	8.67	2.77
6.94666	2.36	4.20	8.67	2.77
53.8703	1.42	14.66	5.65	3.21
6.94666	1.42	14.66	5.65	3.21
53.8703	0.71	1.83	8.76	1.53
6.94666	0.71	1.83	8.76	1.53
1.2627	3.69	12.55	3.19	5.13
14.375	3.69	12.55	3.19	5.13
10.7152	3.69	12.55	3.19	5.13
2.0835	3.69	12.55	3.19	5.13
15.1736	0.88	20.71	10.08	1.63
11.3574	0.88	20.71	10.08	1.63
15.1736	1.06	4.65	8.81	1.95
53.8703	0.97	9.33	10.66	4.78
15.1736	0.97	9.33	10.66	4.78
11.3574	0.97	9.33	10.66	4.78
15.1736	0.75	4.12	8.97	2.41
11.3574	0.75	4.12	8.97	2.41
15.1736	1.42	10.57	11.62	2.09
11.3574	1.42	10.57	11.62	2.09
15.1736	4.26	21.49	3.63	3.31
11.3574	4.26	21.49	3.63	3.31
11.3574	1.70	3.10	10.68	8.54
1.2627	0.92	9.38	17.29	1.59
14.375	0.92	9.38	17.29	1.59
10.7152	0.92	9.38	17.29	1.59
71.3573	0.92	9.38	17.29	1.59
2.0835	0.92	9.38	17.29	1.59
1.2627	1.20	2.46	10.52	7.41
14.375	1.20	2.46	10.52	7.41
0.392199	1.20	2.46	10.52	7.41
10.7152	1.20	2.46	10.52	7.41
71.3573	1.20	2.46	10.52	7.41
7.39274	1.20	2.46	10.52	7.41
2.0835	1.20	2.46	10.52	7.41
120.244	1.37	3.82	10.98	4.69
21.2217	1.37	3.82	10.98	4.69
1.2627	7.79	27.95	5.68	2.42
14.375	7.79	27.95	5.68	2.42
0.392199	7.79	27.95	5.68	2.42
10.7152	7.79	27.95	5.68	2.42
71.3573	7.79	27.95	5.68	2.42
7.39274	7.79	27.95	5.68	2.42
2.0835	7.79	27.95	5.68	2.42
1.2627	1.60	29.94	3.42	2.16
14.375	1.60	29.94	3.42	2.16
0.392199	1.60	29.94	3.42	2.16
71.3573	1.60	29.94	3.42	2.16
109.293	1.60	29.94	3.42	2.16
7.39274	1.60	29.94	3.42	2.16
2.0835	1.60	29.94	3.42	2.16
61.3916	4.37	28.64	11.76	2.61
3.31511	6.70	20.29	2.59	2.15
3.31511	0.93	58.19	9.34	2.00
0.271019	0.93	58.19	9.34	2.00
0	0.93	58.19	9.34	2.00
13.0855	0.93	58.19	9.34	2.00
3.31511	1.10	20.46	10.92	1.72
0	1.10	20.46	10.92	1.72
13.0855	1.10	20.46	10.92	1.72
0	1.92	11.07	9.15	2.84
13.0855	1.92	11.07	9.15	2.84
0	12.51	22.15	3.04	2.60
0.0529411	12.85	2.98	1.49	2.37
28.0155	0.58	2.45	13.22	4.49
28.0155	2.71	11.21	8.05	2.29
25.3793	2.71	11.21	8.05	2.29
23.8221	2.71	11.21	8.05	2.29
13.6611	2.71	11.21	8.05	2.29
25.3793	1.42	2.93	8.02	2.95
4.15362	1.42	2.93	8.02	2.95
10.1543	1.42	2.93	8.02	2.95
729.686	1.42	2.93	8.02	2.95
16.5234	1.42	2.93	8.02	2.95
13.6611	1.42	2.93	8.02	2.95
25.3793	1.46	2.73	7.57	2.54
10.1543	1.46	2.73	7.57	2.54
729.686	1.46	2.73	7.57	2.54
16.5234	1.46	2.73	7.57	2.54
23.8221	1.46	2.73	7.57	2.54
13.6611	1.46	2.73	7.57	2.54
4.15362	1.60	4.24	12.55	2.16
16.5234	1.60	4.24	12.55	2.16
25.3793	3.26	9.69	5.86	5.29
4.15362	3.26	9.69	5.86	5.29
10.1543	3.26	9.69	5.86	5.29
729.686	3.26	9.69	5.86	5.29
16.5234	3.26	9.69	5.86	5.29
23.8221	3.26	9.69	5.86	5.29
13.6611	3.26	9.69	5.86	5.29
44.629	1.49	3.97	7.99	10.07
4.15362	1.49	3.97	7.99	10.07
10.1543	1.49	3.97	7.99	10.07
16.5234	1.49	3.97	7.99	10.07
3.74739	1.49	3.97	7.99	10.07
44.629	0.81	6.68	13.70	11.94
25.3793	0.81	6.68	13.70	11.94
4.15362	0.81	6.68	13.70	11.94
10.1543	0.81	6.68	13.70	11.94
16.5234	0.81	6.68	13.70	11.94
13.6611	0.81	6.68	13.70	11.94
3.74739	0.81	6.68	13.70	11.94
44.629	0.57	8.44	16.50	1.56
4.15362	0.57	8.44	16.50	1.56
10.1543	0.57	8.44	16.50	1.56
16.5234	0.57	8.44	16.50	1.56
3.74739	0.57	8.44	16.50	1.56
9.48413	3.00	87.34	4.66	1.25
0.0202346	3.00	87.34	4.66	1.25
24.014	0.98	28.20	6.55	3.05
24.014	2.30	2.17	10.37	16.93
24.014	0.82	26.64	12.65	8.69
0.4014	29.22	16.90	2.24	3.20
115.197	0.80	30.72	4.50	2.69
115.197	1.19	4.25	13.52	8.65
115.197	1.31	8.65	8.84	8.75
0.208041	1.25	15.72	7.97	8.65
115.197	1.25	15.72	7.97	8.65
9.30015	1.25	15.72	7.97	8.65
0.0102727	45.77	7.76	3.44	2.37
0.0102727	26.46	7.53	2.44	2.69
0.208041	1.57	31.65	2.46	3.14
11.4473	1.57	31.65	2.46	3.14
4.29207	1.57	31.65	2.46	3.14
0.88208	1.57	31.65	2.46	3.14
9.30015	1.57	31.65	2.46	3.14
0.208041	1.49	24.82	5.52	4.15
11.4473	1.49	24.82	5.52	4.15
4.29207	1.49	24.82	5.52	4.15
0.88208	1.49	24.82	5.52	4.15
9.30015	1.49	24.82	5.52	4.15
11.4473	2.38	11.93	7.09	1.57
4.29207	2.38	11.93	7.09	1.57
6.37011	2.38	11.93	7.09	1.57
11.4473	1.68	61.24	4.99	2.53
4.29207	1.68	61.24	4.99	2.53
6.37011	1.68	61.24	4.99	2.53
11.4473	1.21	22.47	4.54	3.56
4.29207	1.21	22.47	4.54	3.56
6.37011	1.21	22.47	4.54	3.56
11.4473	0.99	35.98	4.26	3.62
4.29207	0.99	35.98	4.26	3.62
6.37011	0.99	35.98	4.26	3.62
11.4473	1.50	6.79	5.34	2.37
4.29207	1.50	6.79	5.34	2.37
6.37011	1.50	6.79	5.34	2.37
6.37011	0.89	9.36	7.00	2.82
6.37011	1.47	42.61	9.98	2.66
6.37011	1.62	15.80	3.48	0.39
6.37011	3.82	28.58	5.58	2.47
23.5441	5.32	20.72	4.25	2.42
6.37011	5.32	20.72	4.25	2.42
23.5441	1.17	4.23	7.53	3.05
84.4473	1.23	32.22	3.24	1.32
67.3166	1.72	35.66	9.65	1.15
84.4473	1.72	35.66	9.65	1.15
84.4473	3.10	4.29	8.77	4.75
24.014	0.53	19.21	8.84	3.88
11.2412	0.53	19.21	8.84	3.88
84.4473	1.78	31.53	13.75	1.51
84.4473	1.31	19.82	12.77	1.63
84.4473	1.28	3.91	8.13	2.25
84.4473	1.18	8.02	9.80	1.43
84.4473	0.81	48.90	6.72	1.93
84.4473	1.59	51.94	12.03	3.08
0.288492	37.60	39.99	2.39	3.41
0.288492	16.10	1.33	3.14	6.31
0	15.19	24.34	2.48	1.63
0.00696333	15.19	24.34	2.48	1.63
0.288492	15.19	24.34	2.48	1.63
0	33.48	18.32	2.89	3.31
0.00696333	33.48	18.32	2.89	3.31
0.00696333	10.25	4.04	4.32	2.26
0	12.86	3.29	4.31	2.64
0.00696333	12.86	3.29	4.31	2.64
0	18.31	26.74	3.48	4.03
0.00696333	18.31	26.74	3.48	4.03
0	1.82	24.18	5.75	2.49
0	14.20	19.52	4.06	1.53
0.00696333	14.20	19.52	4.06	1.53
0	13.95	188.91	7.00	2.62
0.00696333	13.95	188.91	7.00	2.62
0	45.89	20.43	3.74	2.39
0.00696333	45.89	20.43	3.74	2.39
0	15.27	4.05	2.91	1.87
0.0719261	15.27	4.05	2.91	1.87
0.00696333	15.27	4.05	2.91	1.87
0.0160946	15.27	4.05	2.91	1.87
0	42.75	11.08	3.83	2.42
0.0719261	42.75	11.08	3.83	2.42
0.00696333	42.75	11.08	3.83	2.42
0.0160946	42.75	11.08	3.83	2.42
0	30.66	26.66	3.07	2.29
0.0719261	30.66	26.66	3.07	2.29
0.00696333	30.66	26.66	3.07	2.29
0.0160946	30.66	26.66	3.07	2.29
0	45.31	5.25	3.26	2.59
0.0719261	45.31	5.25	3.26	2.59
0.00696333	45.31	5.25	3.26	2.59
0.0160946	45.31	5.25	3.26	2.59
0	44.90	5.05	2.97	3.01
0.0719261	44.90	5.05	2.97	3.01
0.00696333	44.90	5.05	2.97	3.01
0.0160946	44.90	5.05	2.97	3.01
0	21.54	33.79	1.79	2.94
0.00696333	21.54	33.79	1.79	2.94
0	4.54	8.56	2.89	1.75
277.8	4.54	8.56	2.89	1.75
14.0562	4.54	8.56	2.89	1.75
46.6179	2.13	9.89	3.99	2.54
14.0562	2.13	9.89	3.99	2.54
17.9464	2.13	9.89	3.99	2.54
0.162319	16.15	13.04	3.76	6.30
1.71845	16.15	13.04	3.76	6.30
0.0160946	16.15	13.04	3.76	6.30
0.162319	24.49	13.68	4.12	2.54
1.71845	24.49	13.68	4.12	2.54
0.0160946	24.49	13.68	4.12	2.54
46.6179	1.27	56.49	11.91	1.53
17.9464	1.27	56.49	11.91	1.53
0.162319	18.03	20.43	2.31	1.85
1.71845	18.03	20.43	2.31	1.85
0.0160946	18.03	20.43	2.31	1.85
0.162319	20.63	9.37	2.94	2.78
1.71845	20.63	9.37	2.94	2.78
0.0160946	20.63	9.37	2.94	2.78
0.0719261	39.15	24.77	2.41	3.71
0.162319	39.15	24.77	2.41	3.71
1.71845	39.15	24.77	2.41	3.71
0.0160946	39.15	24.77	2.41	3.71
0.0719261	17.04	21.17	2.85	2.23
0.162319	17.04	21.17	2.85	2.23
1.71845	17.04	21.17	2.85	2.23
0.0160946	17.04	21.17	2.85	2.23
0.0719261	47.63	8.84	2.77	2.25
0.00696333	47.63	8.84	2.77	2.25
0.162319	47.63	8.84	2.77	2.25
1.71845	47.63	8.84	2.77	2.25
0.0719261	34.40	7.75	3.01	1.41
0.00696333	34.40	7.75	3.01	1.41
0.162319	34.40	7.75	3.01	1.41
1.71845	34.40	7.75	3.01	1.41
0.0160946	34.40	7.75	3.01	1.41
0.0719261	9.48	7.21	2.24	2.22
0.0160946	9.48	7.21	2.24	2.22
0.0719261	53.06	2.92	2.89	2.63
0.00696333	53.06	2.92	2.89	2.63
0.0160946	53.06	2.92	2.89	2.63
0.0719261	18.69	10.86	3.60	3.02
0.00696333	18.69	10.86	3.60	3.02
0.0160946	18.69	10.86	3.60	3.02
0.0719261	12.41	19.75	2.87	3.19
4.76187	3.26	12.61	5.83	1.86
0.0719261	20.30	26.73	2.68	1.76
0.0160946	20.30	26.73	2.68	1.76
4.76187	5.67	19.23	2.73	1.76
4.76187	4.02	23.97	4.98	2.01
4.76187	2.72	11.29	4.98	1.32
0.276517	9.57	16.68	1.37	1.51
0.0719261	9.57	16.68	1.37	1.51
10.024	1.06	7.74	4.70	4.65
6.79161	1.06	7.74	4.70	4.65
0.276517	8.09	11.34	4.00	2.71
0.276517	7.25	1.48	2.20	3.57
0.276517	12.47	0.54	3.20	2.94
0.276517	32.05	28.38	1.12	3.25
0.276517	24.67	10.04	5.07	1.74
1.66702	1.30	25.62	6.57	1.33
1.57201	1.30	25.62	6.57	1.33
45.7715	1.30	25.62	6.57	1.33
185.552	1.30	25.62	6.57	1.33
0.117373	1.21	2.58	10.31	3.58
9.15788	1.21	2.58	10.31	3.58
1.66702	1.21	2.58	10.31	3.58
1.57201	1.21	2.58	10.31	3.58
0.117373	0.86	10.42	11.44	1.88
9.15788	0.86	10.42	11.44	1.88
1.66702	0.86	10.42	11.44	1.88
1.57201	0.86	10.42	11.44	1.88
92.5769	0.86	10.42	11.44	1.88
43.439	0.86	10.42	11.44	1.88
0.0350614	39.72	50.96	2.79	1.68
0.124517	39.72	50.96	2.79	1.68
9.06412	2.54	6.41	5.65	1.54
90.0813	2.54	6.41	5.65	1.54
0.0986805	12.06	27.99	3.81	4.54
0.0350614	12.06	27.99	3.81	4.54
0.124517	12.06	27.99	3.81	4.54
0.0986805	22.96	9.09	2.44	2.33
0.0350614	22.96	9.09	2.44	2.33
0.124517	22.96	9.09	2.44	2.33
0.0986805	43.24	37.80	4.66	3.32
0.0350614	43.24	37.80	4.66	3.32
30.9713	1.31	19.96	6.16	1.61
44.1219	1.31	19.96	6.16	1.61
5.56975	1.31	19.96	6.16	1.61
5.6782	1.31	19.96	6.16	1.61
15.3727	1.31	19.96	6.16	1.61
30.9713	1.54	5.88	9.44	2.21
44.1219	1.54	5.88	9.44	2.21
5.56975	1.54	5.88	9.44	2.21
5.6782	1.54	5.88	9.44	2.21
15.3727	1.54	5.88	9.44	2.21
30.9713	1.81	9.83	12.02	4.30
26.7951	1.81	9.83	12.02	4.30
44.1219	1.81	9.83	12.02	4.30
5.56975	1.81	9.83	12.02	4.30
4.07287	1.81	9.83	12.02	4.30
5.6782	1.81	9.83	12.02	4.30
15.3727	1.81	9.83	12.02	4.30
11.0203	1.81	9.83	12.02	4.30
30.9713	1.48	7.24	7.43	7.48
26.7951	1.48	7.24	7.43	7.48
44.1219	1.48	7.24	7.43	7.48
5.56975	1.48	7.24	7.43	7.48
4.07287	1.48	7.24	7.43	7.48
5.6782	1.48	7.24	7.43	7.48
15.3727	1.48	7.24	7.43	7.48
11.0203	1.48	7.24	7.43	7.48
30.9713	1.63	16.35	8.42	1.81
26.7951	1.63	16.35	8.42	1.81
44.1219	1.63	16.35	8.42	1.81
5.56975	1.63	16.35	8.42	1.81
4.07287	1.63	16.35	8.42	1.81
5.6782	1.63	16.35	8.42	1.81
15.3727	1.63	16.35	8.42	1.81
11.0203	1.63	16.35	8.42	1.81
26.7951	4.84	8.06	6.88	2.52
4.07287	4.84	8.06	6.88	2.52
15.3727	4.84	8.06	6.88	2.52
11.0203	4.84	8.06	6.88	2.52
30.9713	1.16	4.24	11.42	2.60
26.7951	1.16	4.24	11.42	2.60
4.07287	1.16	4.24	11.42	2.60
5.6782	1.16	4.24	11.42	2.60
15.3727	1.16	4.24	11.42	2.60
11.0203	1.16	4.24	11.42	2.60
26.7951	2.18	3.00	7.33	3.09
7.73611	2.18	3.00	7.33	3.09
2.10278	2.18	3.00	7.33	3.09
4.07287	2.18	3.00	7.33	3.09
15.3727	2.18	3.00	7.33	3.09
11.0203	2.18	3.00	7.33	3.09
7.73611	0.61	2.95	11.32	4.92
2.10278	0.61	2.95	11.32	4.92
11.0203	0.61	2.95	11.32	4.92
7.73611	2.43	21.90	6.19	3.33
2.10278	2.43	21.90	6.19	3.33
7.73611	2.66	18.55	4.35	2.87
2.10278	2.66	18.55	4.35	2.87
11.0203	2.66	18.55	4.35	2.87
10.1349	1.47	1.60	7.50	4.43
10.1349	1.18	7.72	11.24	2.34
10.1349	1.57	25.46	5.38	2.25
34.411	1.57	25.46	5.38	2.25
7.73611	1.82	12.79	7.29	1.70
10.1349	1.82	12.79	7.29	1.70
34.411	1.82	12.79	7.29	1.70
10.1349	1.30	26.46	10.68	4.52
34.411	1.30	26.46	10.68	4.52
27.1695	1.30	26.46	10.68	4.52
633.772	1.30	26.46	10.68	4.52
10.1349	3.97	23.37	5.83	10.49
34.411	3.97	23.37	5.83	10.49
27.1695	3.97	23.37	5.83	10.49
633.772	3.97	23.37	5.83	10.49
4.15536	4.49	28.55	6.31	3.36
34.411	4.49	28.55	6.31	3.36
27.1695	4.49	28.55	6.31	3.36
633.772	4.49	28.55	6.31	3.36
4.15536	4.97	10.51	3.43	1.21
34.411	4.97	10.51	3.43	1.21
27.1695	4.97	10.51	3.43	1.21
633.772	4.97	10.51	3.43	1.21
4.15536	2.59	21.92	4.91	1.52
6.9459	3.18	21.37	6.17	3.15
5.09234	3.18	21.37	6.17	3.15
4.57955	3.18	21.37	6.17	3.15
13.6954	3.18	21.37	6.17	3.15
4.15536	5.08	22.66	5.01	5.33
4.15536	5.33	37.03	4.84	1.71
0.0381208	9.59	6.45	4.51	4.78
1.74318	9.59	6.45	4.51	4.78
0.1216	9.59	6.45	4.51	4.78
4.15536	3.09	16.13	7.34	3.55
4.15536	1.00	7.55	16.24	2.30
4.15536	5.36	27.23	5.06	3.13
17.2386	1.62	53.33	9.46	3.02
1.16065	5.98	27.12	3.07	4.00
6.9459	5.98	27.12	3.07	4.00
5.09234	5.98	27.12	3.07	4.00
11.2412	5.98	27.12	3.07	4.00
0.757517	5.98	27.12	3.07	4.00
4.57955	5.98	27.12	3.07	4.00
13.6954	5.98	27.12	3.07	4.00
17.2386	3.66	17.55	5.19	1.67
7.82973	1.42	9.73	5.80	16.23
1.16065	1.42	9.73	5.80	16.23
6.9459	1.42	9.73	5.80	16.23
0.875694	1.42	9.73	5.80	16.23
32.4516	1.42	9.73	5.80	16.23
4.99406	1.42	9.73	5.80	16.23
4.57955	1.42	9.73	5.80	16.23
13.6954	1.42	9.73	5.80	16.23
3.33002	1.42	9.73	5.80	16.23
117.9	2.34	17.26	3.16	2.83
8.19231	2.34	17.26	3.16	2.83
17.2386	2.34	17.26	3.16	2.83
117.9	2.04	21.45	13.26	1.40
8.19231	2.04	21.45	13.26	1.40
17.2386	2.04	21.45	13.26	1.40
0	2.62	14.74	5.59	1.11
117.9	2.62	14.74	5.59	1.11
0	0.73	31.56	6.55	0.98
117.9	0.73	31.56	6.55	0.98
17.2386	0.73	31.56	6.55	0.98
6.9459	0.76	10.27	7.67	6.34
73.0681	0.76	10.27	7.67	6.34
0.875694	0.76	10.27	7.67	6.34
27.6677	0.76	10.27	7.67	6.34
32.4516	0.76	10.27	7.67	6.34
4.99406	0.76	10.27	7.67	6.34
4.57955	0.76	10.27	7.67	6.34
13.6954	0.76	10.27	7.67	6.34
6.9459	0.99	22.60	6.73	16.76
73.0681	0.99	22.60	6.73	16.76
0.875694	0.99	22.60	6.73	16.76
27.6677	0.99	22.60	6.73	16.76
32.4516	0.99	22.60	6.73	16.76
4.99406	0.99	22.60	6.73	16.76
4.57955	0.99	22.60	6.73	16.76
13.6954	0.99	22.60	6.73	16.76
0.0707447	1.02	8.44	3.79	2.53
7.82973	0.99	19.81	8.69	1.52
1.16065	0.99	19.81	8.69	1.52
6.9459	0.99	19.81	8.69	1.52
73.0681	0.99	19.81	8.69	1.52
0.875694	0.99	19.81	8.69	1.52
0.757517	0.99	19.81	8.69	1.52
32.4516	0.99	19.81	8.69	1.52
4.99406	0.99	19.81	8.69	1.52
4.57955	0.99	19.81	8.69	1.52
3.33002	0.99	19.81	8.69	1.52
7.82973	1.21	3.83	9.24	1.18
1.16065	1.21	3.83	9.24	1.18
6.9459	1.21	3.83	9.24	1.18
73.0681	1.21	3.83	9.24	1.18
0.875694	1.21	3.83	9.24	1.18
27.6677	1.21	3.83	9.24	1.18
0.757517	1.21	3.83	9.24	1.18
32.4516	1.21	3.83	9.24	1.18
4.99406	1.21	3.83	9.24	1.18
4.57955	1.21	3.83	9.24	1.18
3.33002	1.21	3.83	9.24	1.18
7.82973	3.75	27.88	3.72	1.75
1.16065	3.75	27.88	3.72	1.75
6.9459	3.75	27.88	3.72	1.75
73.0681	3.75	27.88	3.72	1.75
0.875694	3.75	27.88	3.72	1.75
27.6677	3.75	27.88	3.72	1.75
0.757517	3.75	27.88	3.72	1.75
32.4516	3.75	27.88	3.72	1.75
4.99406	3.75	27.88	3.72	1.75
4.57955	3.75	27.88	3.72	1.75
3.33002	3.75	27.88	3.72	1.75
7.82973	8.03	15.89	3.50	2.77
1.16065	8.03	15.89	3.50	2.77
26.5154	8.03	15.89	3.50	2.77
6.9459	8.03	15.89	3.50	2.77
73.0681	8.03	15.89	3.50	2.77
0.875694	8.03	15.89	3.50	2.77
27.6677	8.03	15.89	3.50	2.77
0.757517	8.03	15.89	3.50	2.77
32.4516	8.03	15.89	3.50	2.77
13.6954	8.03	15.89	3.50	2.77
3.33002	8.03	15.89	3.50	2.77
7.82973	0.62	8.66	8.87	1.05
1.16065	0.62	8.66	8.87	1.05
6.9459	0.62	8.66	8.87	1.05
73.0681	0.62	8.66	8.87	1.05
27.6677	0.62	8.66	8.87	1.05
0.757517	0.62	8.66	8.87	1.05
4.99406	0.62	8.66	8.87	1.05
5.07361	0.62	8.66	8.87	1.05
3.33002	0.62	8.66	8.87	1.05
7.82973	3.00	11.71	5.85	6.51
1.16065	3.00	11.71	5.85	6.51
6.9459	3.00	11.71	5.85	6.51
73.0681	3.00	11.71	5.85	6.51
27.6677	3.00	11.71	5.85	6.51
0.757517	3.00	11.71	5.85	6.51
4.57955	3.00	11.71	5.85	6.51
5.07361	3.00	11.71	5.85	6.51
3.33002	3.00	11.71	5.85	6.51
1.16065	2.80	27.08	3.76	0.90
26.5154	2.80	27.08	3.76	0.90
6.9459	2.80	27.08	3.76	0.90
73.0681	2.80	27.08	3.76	0.90
5.85843	2.80	27.08	3.76	0.90
27.6677	2.80	27.08	3.76	0.90
0.757517	2.80	27.08	3.76	0.90
58.9456	2.80	27.08	3.76	0.90
5.07361	2.80	27.08	3.76	0.90
17.0484	2.80	27.08	3.76	0.90
1.16065	0.82	24.52	11.75	0.51
26.5154	0.82	24.52	11.75	0.51
1.16917	0.82	24.52	11.75	0.51
6.9459	0.82	24.52	11.75	0.51
73.0681	0.82	24.52	11.75	0.51
5.85843	0.82	24.52	11.75	0.51
27.6677	0.82	24.52	11.75	0.51
0.757517	0.82	24.52	11.75	0.51
58.9456	0.82	24.52	11.75	0.51
5.07361	0.82	24.52	11.75	0.51
17.0484	0.82	24.52	11.75	0.51
1.16065	1.95	18.40	3.86	0.71
26.5154	1.95	18.40	3.86	0.71
1.16917	1.95	18.40	3.86	0.71
6.9459	1.95	18.40	3.86	0.71
73.0681	1.95	18.40	3.86	0.71
5.85843	1.95	18.40	3.86	0.71
27.6677	1.95	18.40	3.86	0.71
0.757517	1.95	18.40	3.86	0.71
58.9456	1.95	18.40	3.86	0.71
5.07361	1.95	18.40	3.86	0.71
17.0484	1.95	18.40	3.86	0.71
26.5154	2.91	2.31	11.06	10.35
1.16917	2.91	2.31	11.06	10.35
5.85843	2.91	2.31	11.06	10.35
27.6677	2.91	2.31	11.06	10.35
58.9456	2.91	2.31	11.06	10.35
5.07361	2.91	2.31	11.06	10.35
17.0484	2.91	2.31	11.06	10.35
26.5154	1.37	4.64	10.81	2.15
1.16917	1.37	4.64	10.81	2.15
5.85843	1.37	4.64	10.81	2.15
27.6677	1.37	4.64	10.81	2.15
58.9456	1.37	4.64	10.81	2.15
5.07361	1.37	4.64	10.81	2.15
17.0484	1.37	4.64	10.81	2.15
26.5154	2.26	59.06	6.50	0.87
1.16917	2.26	59.06	6.50	0.87
5.85843	2.26	59.06	6.50	0.87
27.6677	2.26	59.06	6.50	0.87
5.78054	2.26	59.06	6.50	0.87
58.9456	2.26	59.06	6.50	0.87
5.07361	2.26	59.06	6.50	0.87
17.0484	2.26	59.06	6.50	0.87
0.0582857	35.58	20.36	3.88	6.87
0.00319896	35.58	20.36	3.88	6.87
1.04608	35.58	20.36	3.88	6.87
0.460465	35.58	20.36	3.88	6.87
60.0381	0.85	14.91	4.20	4.24
60.0381	0.89	2.35	9.67	4.38
60.0381	0.82	8.88	11.18	4.66
60.0381	4.18	10.36	7.26	1.80
60.0381	3.55	23.60	10.04	2.49
60.0381	2.10	18.88	14.16	2.01
0.00651326	16.13	39.29	4.80	3.39
60.0381	2.31	18.11	2.63	1.57
60.0381	7.09	35.03	2.70	2.67
60.0381	0.95	21.70	4.60	1.20
11.032	1.36	28.51	4.81	2.18
11.032	5.02	13.80	2.55	2.29
43.4942	5.02	13.80	2.55	2.29
11.032	3.25	17.38	9.26	2.52
43.4942	3.25	17.38	9.26	2.52
11.032	1.42	17.26	3.48	2.29
11.032	0.95	18.86	3.50	0.67
43.4942	0.95	18.86	3.50	0.67
11.032	3.99	45.02	3.68	1.61
43.4942	3.99	45.02	3.68	1.61
11.032	1.21	13.07	8.61	3.56
43.4942	1.21	13.07	8.61	3.56
51.4661	3.05	20.97	3.36	1.77
43.4942	3.05	20.97	3.36	1.77
51.4661	1.06	5.77	7.28	0.39
43.4942	1.06	5.77	7.28	0.39
51.4661	5.14	26.81	4.60	1.72
43.4942	5.14	26.81	4.60	1.72
51.4661	1.12	37.25	10.68	0.95
43.4942	1.12	37.25	10.68	0.95
51.4661	3.72	18.93	7.52	2.71
43.4942	3.72	18.93	7.52	2.71
51.4661	5.30	16.72	4.34	3.25
43.4942	5.30	16.72	4.34	3.25
43.4942	2.39	5.51	14.55	5.06
51.4661	0.69	19.46	17.01	1.30
43.4942	0.69	19.46	17.01	1.30
43.4942	3.31	9.68	2.38	0.79
43.4942	6.54	15.44	5.80	4.06
51.4661	2.21	17.69	9.07	1.77
43.4942	2.21	17.69	9.07	1.77
51.4661	1.73	4.99	10.02	2.16
43.4942	1.73	4.99	10.02	2.16
43.4942	1.28	30.23	9.40	1.93
51.4661	1.82	16.28	7.56	2.49
43.4942	1.82	16.28	7.56	2.49
51.4661	4.40	17.15	2.05	1.95
51.4661	2.74	26.77	3.07	1.07
51.4661	2.93	21.16	9.16	2.38
4.9787	3.22	9.86	12.74	2.92
15.7214	3.22	9.86	12.74	2.92
14.0581	3.22	9.86	12.74	2.92
4.9787	3.64	8.75	2.51	1.79
15.7214	3.64	8.75	2.51	1.79
14.0581	3.64	8.75	2.51	1.79
0.0712912	1.13	12.83	9.98	2.23
0.108039	1.13	12.83	9.98	2.23
20.3931	1.13	12.83	9.98	2.23
324.826	1.13	12.83	9.98	2.23
2.44547	1.13	12.83	9.98	2.23
858.337	1.13	12.83	9.98	2.23
1.88093	1.13	12.83	9.98	2.23
2.66512	1.13	12.83	9.98	2.23
64.3562	1.13	12.83	9.98	2.23
32.3278	1.13	12.83	9.98	2.23
26.1423	1.13	12.83	9.98	2.23
1.34048	1.13	12.83	9.98	2.23
5.22169	1.13	12.83	9.98	2.23
14.6187	1.13	12.83	9.98	2.23
124.71	1.13	12.83	9.98	2.23
0.0712912	4.15	30.42	6.29	1.67
0.108039	4.15	30.42	6.29	1.67
20.3931	4.15	30.42	6.29	1.67
324.826	4.15	30.42	6.29	1.67
2.44547	4.15	30.42	6.29	1.67
858.337	4.15	30.42	6.29	1.67
1.88093	4.15	30.42	6.29	1.67
2.66512	4.15	30.42	6.29	1.67
64.3562	4.15	30.42	6.29	1.67
32.3278	4.15	30.42	6.29	1.67
26.1423	4.15	30.42	6.29	1.67
5.22169	4.15	30.42	6.29	1.67
14.6187	4.15	30.42	6.29	1.67
0.0712912	1.97	16.46	5.67	5.06
0.108039	1.97	16.46	5.67	5.06
20.3931	1.97	16.46	5.67	5.06
324.826	1.97	16.46	5.67	5.06
2.44547	1.97	16.46	5.67	5.06
858.337	1.97	16.46	5.67	5.06
1.88093	1.97	16.46	5.67	5.06
2.66512	1.97	16.46	5.67	5.06
64.3562	1.97	16.46	5.67	5.06
32.3278	1.97	16.46	5.67	5.06
1.34048	1.97	16.46	5.67	5.06
29.3651	1.97	16.46	5.67	5.06
5.22169	1.97	16.46	5.67	5.06
6.46401	1.97	16.46	5.67	5.06
41.4267	1.97	16.46	5.67	5.06
14.6187	1.97	16.46	5.67	5.06
124.71	1.97	16.46	5.67	5.06
6.88555	6.57	26.09	1.56	2.88
4.16173	6.57	26.09	1.56	2.88
5.21793	6.57	26.09	1.56	2.88
15.884	6.57	26.09	1.56	2.88
6.88555	4.75	39.86	3.96	1.33
4.16173	4.75	39.86	3.96	1.33
5.21793	4.75	39.86	3.96	1.33
15.884	4.75	39.86	3.96	1.33
6.88555	1.40	6.41	11.31	2.55
5.21793	1.40	6.41	11.31	2.55
15.884	1.40	6.41	11.31	2.55
5.21793	1.72	13.50	5.89	2.80
15.884	1.72	13.50	5.89	2.80
0.0712912	3.55	11.10	4.17	1.68
858.337	3.55	11.10	4.17	1.68
1.88093	3.55	11.10	4.17	1.68
26.1423	3.55	11.10	4.17	1.68
29.3651	3.55	11.10	4.17	1.68
5.22169	3.55	11.10	4.17	1.68
6.46401	3.55	11.10	4.17	1.68
41.4267	3.55	11.10	4.17	1.68
0.0712912	6.36	13.66	2.58	2.82
858.337	6.36	13.66	2.58	2.82
1.88093	6.36	13.66	2.58	2.82
26.1423	6.36	13.66	2.58	2.82
29.3651	6.36	13.66	2.58	2.82
5.22169	6.36	13.66	2.58	2.82
6.46401	6.36	13.66	2.58	2.82
41.4267	6.36	13.66	2.58	2.82
0.0712912	1.34	6.53	14.64	2.18
20.3931	1.34	6.53	14.64	2.18
2.44547	1.34	6.53	14.64	2.18
858.337	1.34	6.53	14.64	2.18
1.88093	1.34	6.53	14.64	2.18
64.3562	1.34	6.53	14.64	2.18
26.1423	1.34	6.53	14.64	2.18
29.3651	1.34	6.53	14.64	2.18
5.22169	1.34	6.53	14.64	2.18
6.46401	1.34	6.53	14.64	2.18
41.4267	1.34	6.53	14.64	2.18
2.81525	1.34	6.53	14.64	2.18
0.0712912	2.08	6.44	5.14	2.21
7.4496	2.08	6.44	5.14	2.21
26.1423	2.08	6.44	5.14	2.21
29.3651	2.08	6.44	5.14	2.21
6.46401	2.08	6.44	5.14	2.21
41.4267	2.08	6.44	5.14	2.21
20.412	2.08	6.44	5.14	2.21
2.81525	2.08	6.44	5.14	2.21
76.9933	2.08	6.44	5.14	2.21
4.3385	0.80	11.58	4.45	2.46
5.2304	0.80	11.58	4.45	2.46
4.3385	1.67	49.89	4.77	1.17
5.2304	1.67	49.89	4.77	1.17
0.0712912	0.94	25.99	11.67	3.45
1.88093	0.94	25.99	11.67	3.45
7.4496	0.94	25.99	11.67	3.45
29.3651	0.94	25.99	11.67	3.45
6.46401	0.94	25.99	11.67	3.45
41.4267	0.94	25.99	11.67	3.45
20.412	0.94	25.99	11.67	3.45
2.81525	0.94	25.99	11.67	3.45
76.9933	0.94	25.99	11.67	3.45
1.18442	13.01	62.49	3.63	3.01
0.328017	13.01	62.49	3.63	3.01
7.4496	7.96	20.02	3.12	3.32
29.3651	7.96	20.02	3.12	3.32
6.46401	7.96	20.02	3.12	3.32
41.4267	7.96	20.02	3.12	3.32
20.412	7.96	20.02	3.12	3.32
76.9933	7.96	20.02	3.12	3.32
4.3385	1.56	10.59	13.35	2.87
5.2304	1.56	10.59	13.35	2.87
4.3385	3.17	14.87	4.27	2.23
5.2304	3.17	14.87	4.27	2.23
4.3385	2.13	16.78	2.99	3.11
5.2304	2.13	16.78	2.99	3.11
0.0944139	9.71	7.54	2.21	2.18
0.473667	9.71	7.54	2.21	2.18
7.4496	2.96	7.36	6.00	2.18
6.46401	2.96	7.36	6.00	2.18
20.412	2.96	7.36	6.00	2.18
2.81525	2.96	7.36	6.00	2.18
76.9933	2.96	7.36	6.00	2.18
1.18442	7.68	16.84	3.78	4.70
1.31558	1.15	11.32	9.32	1.55
1.18442	13.15	18.25	1.99	2.10
0.328017	13.15	18.25	1.99	2.10
1.31558	9.03	11.15	4.70	3.31
1.31558	0.73	8.32	2.59	0.98
0.123102	0.73	8.32	2.59	0.98
5.07771	0.73	8.32	2.59	0.98
0.123102	1.36	21.01	5.28	2.02
5.07771	1.36	21.01	5.28	2.02
9.30506	1.36	21.01	5.28	2.02
0.123102	5.25	30.91	4.60	2.18
5.07771	5.25	30.91	4.60	2.18
9.30506	5.25	30.91	4.60	2.18
1.18442	43.67	86.94	4.12	4.12
0.328017	43.67	86.94	4.12	4.12
0.902884	1.29	36.13	4.68	1.63
0.123102	1.29	36.13	4.68	1.63
5.07771	1.29	36.13	4.68	1.63
9.30506	1.29	36.13	4.68	1.63
1.18442	19.74	24.64	5.18	3.51
0.328017	19.74	24.64	5.18	3.51
1.18442	19.35	12.52	2.44	2.42
0.328017	19.35	12.52	2.44	2.42
1.18442	27.15	35.68	2.94	5.94
24.2759	2.48	13.65	9.99	2.77
7.4496	2.48	13.65	9.99	2.77
12.5799	2.48	13.65	9.99	2.77
29.3651	2.48	13.65	9.99	2.77
20.1043	2.48	13.65	9.99	2.77
0	2.48	13.65	9.99	2.77
23.3775	2.48	13.65	9.99	2.77
47.0285	2.48	13.65	9.99	2.77
6.46401	2.48	13.65	9.99	2.77
20.412	2.48	13.65	9.99	2.77
2.81525	2.48	13.65	9.99	2.77
0.339371	2.48	13.65	9.99	2.77
76.9933	2.48	13.65	9.99	2.77
24.2759	1.35	3.77	11.30	1.74
7.4496	1.35	3.77	11.30	1.74
12.5799	1.35	3.77	11.30	1.74
29.3651	1.35	3.77	11.30	1.74
20.1043	1.35	3.77	11.30	1.74
0	1.35	3.77	11.30	1.74
23.3775	1.35	3.77	11.30	1.74
47.0285	1.35	3.77	11.30	1.74
20.412	1.35	3.77	11.30	1.74
2.81525	1.35	3.77	11.30	1.74
0.339371	1.35	3.77	11.30	1.74
76.9933	1.35	3.77	11.30	1.74
24.2759	1.89	10.79	10.75	2.82
12.5799	1.89	10.79	10.75	2.82
20.1043	1.89	10.79	10.75	2.82
0	1.89	10.79	10.75	2.82
23.3775	1.89	10.79	10.75	2.82
20.412	1.89	10.79	10.75	2.82
0.339371	1.89	10.79	10.75	2.82
7.4496	1.52	10.83	9.31	5.23
12.5799	1.52	10.83	9.31	5.23
20.1043	1.52	10.83	9.31	5.23
0	1.52	10.83	9.31	5.23
23.3775	1.52	10.83	9.31	5.23
20.412	1.52	10.83	9.31	5.23
0.339371	1.52	10.83	9.31	5.23
76.9933	1.52	10.83	9.31	5.23
24.2759	1.53	4.68	11.91	6.08
7.4496	1.53	4.68	11.91	6.08
12.5799	1.53	4.68	11.91	6.08
20.1043	1.53	4.68	11.91	6.08
0	1.53	4.68	11.91	6.08
23.3775	1.53	4.68	11.91	6.08
20.412	1.53	4.68	11.91	6.08
0.339371	1.53	4.68	11.91	6.08
76.9933	1.53	4.68	11.91	6.08
24.2759	0.90	3.07	6.14	7.01
7.4496	0.90	3.07	6.14	7.01
12.5799	0.90	3.07	6.14	7.01
20.1043	0.90	3.07	6.14	7.01
0	0.90	3.07	6.14	7.01
23.3775	0.90	3.07	6.14	7.01
47.0285	0.90	3.07	6.14	7.01
20.412	0.90	3.07	6.14	7.01
0.339371	0.90	3.07	6.14	7.01
76.9933	0.90	3.07	6.14	7.01
0	7.80	10.21	2.99	3.47
0.569169	2.04	7.72	4.89	3.96
0.731019	2.04	7.72	4.89	3.96
0	2.04	7.72	4.89	3.96
0.569169	4.00	7.04	2.40	2.12
0.731019	4.00	7.04	2.40	2.12
0	4.00	7.04	2.40	2.12
0.569169	2.06	12.28	3.12	1.86
0.731019	2.06	12.28	3.12	1.86
0.569169	2.97	13.64	3.42	1.55
0.731019	2.97	13.64	3.42	1.55
0	2.97	13.64	3.42	1.55
0.22146	33.93	4.82	1.72	1.94
0.00204473	33.93	4.82	1.72	1.94
33.7569	0.89	1.66	10.63	12.98
14.5261	0.89	1.66	10.63	12.98
60.296	0.89	1.66	10.63	12.98
24.2759	0.89	1.66	10.63	12.98
1290.26	0.89	1.66	10.63	12.98
12.5799	0.89	1.66	10.63	12.98
48.4695	0.89	1.66	10.63	12.98
47.0285	0.89	1.66	10.63	12.98
11.7774	0.89	1.66	10.63	12.98
20.412	0.89	1.66	10.63	12.98
0.339371	0.89	1.66	10.63	12.98
6.42231	0.89	1.66	10.63	12.98
6.35568	0.89	1.66	10.63	12.98
5.44847	0.89	1.66	10.63	12.98
17.3305	0.89	1.66	10.63	12.98
7.28376	0.89	1.66	10.63	12.98
33.7569	1.06	2.09	8.05	2.01
14.5261	1.06	2.09	8.05	2.01
60.296	1.06	2.09	8.05	2.01
24.2759	1.06	2.09	8.05	2.01
1290.26	1.06	2.09	8.05	2.01
48.4695	1.06	2.09	8.05	2.01
47.0285	1.06	2.09	8.05	2.01
11.7774	1.06	2.09	8.05	2.01
6.42231	1.06	2.09	8.05	2.01
6.35568	1.06	2.09	8.05	2.01
7.84063	1.06	2.09	8.05	2.01
17.3305	1.06	2.09	8.05	2.01
7.28376	1.06	2.09	8.05	2.01
33.7569	1.22	25.69	10.22	2.73
14.5261	1.22	25.69	10.22	2.73
24.2759	1.22	25.69	10.22	2.73
1290.26	1.22	25.69	10.22	2.73
48.4695	1.22	25.69	10.22	2.73
47.0285	1.22	25.69	10.22	2.73
11.7774	1.22	25.69	10.22	2.73
6.42231	1.22	25.69	10.22	2.73
6.35568	1.22	25.69	10.22	2.73
5.44847	1.22	25.69	10.22	2.73
7.28376	1.22	25.69	10.22	2.73
33.7569	5.51	2.93	10.04	3.36
14.5261	5.51	2.93	10.04	3.36
60.296	5.51	2.93	10.04	3.36
24.2759	5.51	2.93	10.04	3.36
1290.26	5.51	2.93	10.04	3.36
48.4695	5.51	2.93	10.04	3.36
47.0285	5.51	2.93	10.04	3.36
11.7774	5.51	2.93	10.04	3.36
6.42231	5.51	2.93	10.04	3.36
6.35568	5.51	2.93	10.04	3.36
5.44847	5.51	2.93	10.04	3.36
7.84063	5.51	2.93	10.04	3.36
17.3305	5.51	2.93	10.04	3.36
7.28376	5.51	2.93	10.04	3.36
33.7569	0.79	16.47	7.61	1.18
14.5261	0.79	16.47	7.61	1.18
60.296	0.79	16.47	7.61	1.18
24.2759	0.79	16.47	7.61	1.18
1290.26	0.79	16.47	7.61	1.18
48.4695	0.79	16.47	7.61	1.18
47.0285	0.79	16.47	7.61	1.18
11.7774	0.79	16.47	7.61	1.18
6.42231	0.79	16.47	7.61	1.18
6.35568	0.79	16.47	7.61	1.18
5.44847	0.79	16.47	7.61	1.18
7.84063	0.79	16.47	7.61	1.18
17.3305	0.79	16.47	7.61	1.18
7.28376	0.79	16.47	7.61	1.18
33.7569	2.71	8.95	5.08	2.37
14.5261	2.71	8.95	5.08	2.37
60.296	2.71	8.95	5.08	2.37
24.2759	2.71	8.95	5.08	2.37
1290.26	2.71	8.95	5.08	2.37
12.5799	2.71	8.95	5.08	2.37
48.4695	2.71	8.95	5.08	2.37
47.0285	2.71	8.95	5.08	2.37
11.7774	2.71	8.95	5.08	2.37
0.339371	2.71	8.95	5.08	2.37
6.42231	2.71	8.95	5.08	2.37
6.35568	2.71	8.95	5.08	2.37
5.44847	2.71	8.95	5.08	2.37
7.84063	2.71	8.95	5.08	2.37
17.3305	2.71	8.95	5.08	2.37
7.28376	2.71	8.95	5.08	2.37
14.5261	2.80	52.56	6.79	5.03
60.296	2.80	52.56	6.79	5.03
1290.26	2.80	52.56	6.79	5.03
48.4695	2.80	52.56	6.79	5.03
47.0285	2.80	52.56	6.79	5.03
11.7774	2.80	52.56	6.79	5.03
6.42231	2.80	52.56	6.79	5.03
6.35568	2.80	52.56	6.79	5.03
5.44847	2.80	52.56	6.79	5.03
7.84063	2.80	52.56	6.79	5.03
17.3305	2.80	52.56	6.79	5.03
7.28376	2.80	52.56	6.79	5.03
1.91558	1.31	12.64	5.79	1.82
2.55948	1.31	12.64	5.79	1.82
1.65242	1.31	12.64	5.79	1.82
3.76076	1.31	12.64	5.79	1.82
33.7569	1.45	13.74	6.55	2.13
14.5261	1.45	13.74	6.55	2.13
60.296	1.45	13.74	6.55	2.13
1290.26	1.45	13.74	6.55	2.13
48.4695	1.45	13.74	6.55	2.13
47.0285	1.45	13.74	6.55	2.13
11.7774	1.45	13.74	6.55	2.13
6.42231	1.45	13.74	6.55	2.13
6.35568	1.45	13.74	6.55	2.13
5.44847	1.45	13.74	6.55	2.13
7.84063	1.45	13.74	6.55	2.13
17.3305	1.45	13.74	6.55	2.13
7.28376	1.45	13.74	6.55	2.13
1.91558	0.27	9.21	6.30	1.56
6.87559	2.67	12.25	5.47	1.33
29.4491	2.67	12.25	5.47	1.33
56.9566	2.67	12.25	5.47	1.33
9.41662	5.99	33.62	3.69	1.48
6.05813	5.99	33.62	3.69	1.48
6.87559	5.99	33.62	3.69	1.48
3.09176	5.99	33.62	3.69	1.48
31.7151	5.99	33.62	3.69	1.48
29.4491	5.99	33.62	3.69	1.48
56.9566	5.99	33.62	3.69	1.48
9.41662	1.54	88.75	13.67	3.07
6.05813	1.54	88.75	13.67	3.07
6.87559	1.54	88.75	13.67	3.07
20.9539	1.54	88.75	13.67	3.07
3.09176	1.54	88.75	13.67	3.07
2.33531	1.54	88.75	13.67	3.07
7.17073	1.54	88.75	13.67	3.07
31.7151	1.54	88.75	13.67	3.07
140.852	1.54	88.75	13.67	3.07
29.4491	1.54	88.75	13.67	3.07
284.981	1.54	88.75	13.67	3.07
56.9566	1.54	88.75	13.67	3.07
2.00817	1.54	88.75	13.67	3.07
554.647	1.62	6.04	13.80	1.30
6.05813	1.62	6.04	13.80	1.30
6.87559	1.62	6.04	13.80	1.30
20.9539	1.62	6.04	13.80	1.30
2.33531	1.62	6.04	13.80	1.30
33.5065	1.62	6.04	13.80	1.30
7.17073	1.62	6.04	13.80	1.30
58.7519	1.62	6.04	13.80	1.30
31.7151	1.62	6.04	13.80	1.30
140.852	1.62	6.04	13.80	1.30
62.3174	1.62	6.04	13.80	1.30
284.981	1.62	6.04	13.80	1.30
2.00817	1.62	6.04	13.80	1.30
2.33531	5.58	11.97	4.39	1.77
58.7519	5.58	11.97	4.39	1.77
284.981	5.58	11.97	4.39	1.77
554.647	1.80	17.04	7.17	2.40
2.33531	1.80	17.04	7.17	2.40
58.7519	1.80	17.04	7.17	2.40
284.981	1.80	17.04	7.17	2.40
554.647	8.61	17.67	1.61	2.38
2.33531	8.61	17.67	1.61	2.38
58.7519	8.61	17.67	1.61	2.38
62.3174	8.61	17.67	1.61	2.38
284.981	8.61	17.67	1.61	2.38
554.647	4.78	10.78	4.21	2.71
2.33531	4.78	10.78	4.21	2.71
13.2407	4.78	10.78	4.21	2.71
33.5065	4.78	10.78	4.21	2.71
58.7519	4.78	10.78	4.21	2.71
62.3174	4.78	10.78	4.21	2.71
284.981	4.78	10.78	4.21	2.71
0.10739	0.95	5.48	10.76	1.06
554.647	0.95	5.48	10.76	1.06
2.33531	0.95	5.48	10.76	1.06
13.2407	0.95	5.48	10.76	1.06
33.5065	0.95	5.48	10.76	1.06
58.7519	0.95	5.48	10.76	1.06
62.3174	0.95	5.48	10.76	1.06
15.4951	0.95	5.48	10.76	1.06
0.10739	0.45	16.00	9.38	17.89
554.647	0.45	16.00	9.38	17.89
13.2407	0.45	16.00	9.38	17.89
33.5065	0.45	16.00	9.38	17.89
58.7519	0.45	16.00	9.38	17.89
62.3174	0.45	16.00	9.38	17.89
40.4227	0.45	16.00	9.38	17.89
15.4951	0.45	16.00	9.38	17.89
0.10739	1.56	1.84	8.33	13.46
554.647	1.56	1.84	8.33	13.46
13.2407	1.56	1.84	8.33	13.46
33.5065	1.56	1.84	8.33	13.46
58.7519	1.56	1.84	8.33	13.46
62.3174	1.56	1.84	8.33	13.46
15.4951	1.56	1.84	8.33	13.46
0.10739	1.55	7.19	10.30	3.65
554.647	1.55	7.19	10.30	3.65
2.33531	1.55	7.19	10.30	3.65
13.2407	1.55	7.19	10.30	3.65
33.5065	1.55	7.19	10.30	3.65
58.7519	1.55	7.19	10.30	3.65
62.3174	1.55	7.19	10.30	3.65
15.4951	1.55	7.19	10.30	3.65
0.10739	0.70	2.29	10.99	6.50
9.08962	0.70	2.29	10.99	6.50
554.647	0.70	2.29	10.99	6.50
13.2407	0.70	2.29	10.99	6.50
33.5065	0.70	2.29	10.99	6.50
58.7519	0.70	2.29	10.99	6.50
62.3174	0.70	2.29	10.99	6.50
15.4951	0.70	2.29	10.99	6.50
0.10739	0.98	4.42	9.39	3.30
9.08962	0.98	4.42	9.39	3.30
554.647	0.98	4.42	9.39	3.30
13.2407	0.98	4.42	9.39	3.30
33.5065	0.98	4.42	9.39	3.30
58.7519	0.98	4.42	9.39	3.30
62.3174	0.98	4.42	9.39	3.30
40.4227	0.98	4.42	9.39	3.30
15.4951	0.98	4.42	9.39	3.30
9.08962	1.25	8.68	19.02	2.16
40.4227	1.25	8.68	19.02	2.16
76.6415	3.00	28.87	3.96	1.53
76.6415	5.11	25.68	5.57	3.02
218.445	5.11	25.68	5.57	3.02
236.104	5.11	25.68	5.57	3.02
5.21413	2.13	5.58	7.00	2.51
0.355698	2.13	5.58	7.00	2.51
0	2.13	5.58	7.00	2.51
60.4377	2.13	5.58	7.00	2.51
76.6415	2.13	5.58	7.00	2.51
218.445	2.13	5.58	7.00	2.51
236.104	2.13	5.58	7.00	2.51
14.7206	2.13	5.58	7.00	2.51
105.716	2.13	5.58	7.00	2.51
5.21413	0.75	5.35	9.23	2.17
0.355698	0.75	5.35	9.23	2.17
44.9931	0.75	5.35	9.23	2.17
0	0.75	5.35	9.23	2.17
60.4377	0.75	5.35	9.23	2.17
76.6415	0.75	5.35	9.23	2.17
218.445	0.75	5.35	9.23	2.17
236.104	0.75	5.35	9.23	2.17
14.7206	0.75	5.35	9.23	2.17
14.3878	0.75	5.35	9.23	2.17
105.716	0.75	5.35	9.23	2.17
5.21413	0.83	2.88	6.98	9.90
0.355698	0.83	2.88	6.98	9.90
0.0906337	0.83	2.88	6.98	9.90
44.9931	0.83	2.88	6.98	9.90
0	0.83	2.88	6.98	9.90
60.4377	0.83	2.88	6.98	9.90
128.171	0.83	2.88	6.98	9.90
76.6415	0.83	2.88	6.98	9.90
218.445	0.83	2.88	6.98	9.90
236.104	0.83	2.88	6.98	9.90
14.7206	0.83	2.88	6.98	9.90
11.6215	0.83	2.88	6.98	9.90
11.9485	0.83	2.88	6.98	9.90
26.9745	0.83	2.88	6.98	9.90
14.3878	0.83	2.88	6.98	9.90
105.716	0.83	2.88	6.98	9.90
135.429	1.22	2.53	7.64	16.63
9.76308	1.22	2.53	7.64	16.63
8.60503	1.22	2.53	7.64	16.63
12.8818	1.22	2.53	7.64	16.63
10.2408	1.22	2.53	7.64	16.63
8.26475	1.22	2.53	7.64	16.63
1502.3	1.22	2.53	7.64	16.63
68.0082	1.22	2.53	7.64	16.63
6.62411	1.22	2.53	7.64	16.63
20.7912	1.22	2.53	7.64	16.63
0.897231	1.22	2.53	7.64	16.63
2.41049e-06	1.22	2.53	7.64	16.63
51.9117	1.22	2.53	7.64	16.63
22.4152	1.22	2.53	7.64	16.63
185.2	1.22	2.53	7.64	16.63
35.4717	1.22	2.53	7.64	16.63
8.60503	2.11	3.74	8.80	3.42
1502.3	2.11	3.74	8.80	3.42
51.9117	2.11	3.74	8.80	3.42
135.429	0.97	6.36	14.96	2.69
9.76308	0.97	6.36	14.96	2.69
8.60503	0.97	6.36	14.96	2.69
12.8818	0.97	6.36	14.96	2.69
10.2408	0.97	6.36	14.96	2.69
8.26475	0.97	6.36	14.96	2.69
1502.3	0.97	6.36	14.96	2.69
6.62411	0.97	6.36	14.96	2.69
0.897231	0.97	6.36	14.96	2.69
2.41049e-06	0.97	6.36	14.96	2.69
51.9117	0.97	6.36	14.96	2.69
22.4152	0.97	6.36	14.96	2.69
35.4717	0.97	6.36	14.96	2.69
8.60503	1.74	22.62	8.94	1.92
12.8818	1.74	22.62	8.94	1.92
10.2408	1.74	22.62	8.94	1.92
8.26475	1.74	22.62	8.94	1.92
1502.3	1.74	22.62	8.94	1.92
68.0082	1.74	22.62	8.94	1.92
6.62411	1.74	22.62	8.94	1.92
0.897231	1.74	22.62	8.94	1.92
51.9117	1.74	22.62	8.94	1.92
22.4152	1.74	22.62	8.94	1.92
135.429	1.63	3.25	9.37	3.53
9.76308	1.63	3.25	9.37	3.53
8.60503	1.63	3.25	9.37	3.53
12.8818	1.63	3.25	9.37	3.53
10.2408	1.63	3.25	9.37	3.53
8.26475	1.63	3.25	9.37	3.53
1502.3	1.63	3.25	9.37	3.53
68.0082	1.63	3.25	9.37	3.53
6.62411	1.63	3.25	9.37	3.53
20.7912	1.63	3.25	9.37	3.53
0.897231	1.63	3.25	9.37	3.53
2.41049e-06	1.63	3.25	9.37	3.53
51.9117	1.63	3.25	9.37	3.53
22.4152	1.63	3.25	9.37	3.53
563.153	4.04	14.96	3.56	2.95
46.8749	4.04	14.96	3.56	2.95
563.153	1.28	7.59	9.99	1.44
46.8749	1.28	7.59	9.99	1.44
563.153	4.32	37.85	3.63	2.68
46.8749	4.32	37.85	3.63	2.68
