expression	H3K27me3	H3K4me3	H3K27ac	H3K36me3
47.2144	1.26	153.31	13.42	2.20
307.058	1.26	153.31	13.42	2.20
12.3486	2.28	57.73	7.67	2.46
0.259599	15.54	75.08	3.68	2.96
0.0313888	37.09	77.72	2.93	2.44
307.663	1.16	67.31	11.42	5.29
9.71554	1.16	67.31	11.42	5.29
4.82352	1.76	111.30	5.79	1.86
6.6294	1.67	85.86	7.43	1.12
52.1116	1.58	122.56	6.99	3.00
16.1802	1.01	80.96	7.91	7.83
0.589292	1.59	4.93	14.93	2.71
32.0743	1.52	83.45	5.57	4.65
25.2174	5.00	81.72	8.17	2.84
16.4231	1.50	122.54	9.18	1.40
7.41169	0.85	101.59	5.24	2.04
10.6455	2.96	25.86	4.17	1.35
0.161697	1.16	126.33	15.09	1.68
0.181991	1.16	126.33	15.09	1.68
14.8881	1.16	126.33	15.09	1.68
32.1243	1.13	119.38	9.18	4.88
173.903	3.53	80.12	6.20	3.09
0.0203838	1.48	94.13	5.61	1.26
17.0754	1.48	94.13	5.61	1.26
3.39354	5.28	57.07	3.95	1.39
16.5441	3.62	107.24	6.33	1.42
13.2992	2.49	79.48	5.81	1.53
14.1476	2.49	79.48	5.81	1.53
10.8845	1.13	114.45	9.98	2.77
32.1936	2.75	117.30	8.88	1.97
10.4193	2.75	117.30	8.88	1.97
21.3852	2.63	92.35	6.03	2.20
0.105885	2.54	32.61	5.53	0.97
47.0741	1.24	70.10	15.63	8.75
0	1.24	70.10	15.63	8.75
2.24404	3.17	148.61	8.54	2.14
49.2964	1.10	55.19	16.38	2.51
4.70553	1.21	87.27	7.57	1.45
3.06638	1.51	118.21	5.72	2.46
0.0177623	23.53	39.38	2.81	1.69
0.0137456	41.30	39.22	3.01	1.70
14.6781	12.35	39.86	6.06	2.28
0.23777	34.14	56.52	4.73	2.42
0.0343897	32.41	52.53	2.40	2.72
0.0275934	32.41	52.53	2.40	2.72
1.02681	0.73	122.02	8.25	0.87
1.38634	14.05	58.92	2.99	2.66
17.2695	1.80	116.39	7.89	2.37
0.31711	6.02	80.29	6.08	2.53
6.8608	6.02	80.29	6.08	2.53
1.61613	1.06	16.78	10.08	1.33
53.0949	1.60	99.89	3.13	0.98
1.50442	2.10	19.58	2.34	1.74
0.658914	7.34	36.47	3.07	2.24
13.0643	3.40	57.31	3.07	2.26
0.100285	5.99	14.20	0.82	2.34
0.0232104	2.48	135.59	7.43	1.68
6.4003	2.48	135.59	7.43	1.68
16.4592	2.22	137.99	8.26	1.64
4.03412	1.55	156.20	8.39	2.37
4.67792	1.26	99.52	4.90	2.25
97.5373	2.16	95.66	7.45	4.59
20.4918	0.65	70.23	8.16	8.03
10.5868	2.20	53.79	8.09	2.35
14.6772	3.03	82.97	5.59	2.29
34.3062	1.58	107.95	7.69	1.45
10.4677	0.96	118.37	8.10	3.74
2.5351	1.25	111.22	3.91	2.25
118.288	1.25	111.22	3.91	2.25
1.35849	2.77	67.09	5.16	0.70
2.76374	5.31	48.60	2.71	2.83
0.412665	3.26	64.07	2.45	0.90
2.91926	2.32	129.22	9.31	1.77
29.544	0.61	88.07	6.58	1.61
51.1523	2.38	117.53	9.32	2.14
66.1585	1.12	140.25	15.16	1.43
11.217	1.39	135.37	10.32	1.63
11.3429	1.60	76.52	8.49	2.20
11.9151	3.09	125.44	5.60	1.53
10.7152	2.74	127.75	14.41	2.42
0.028867	28.26	21.04	3.66	2.44
0.186083	39.04	15.02	2.81	2.33
6.94666	3.52	54.31	6.09	1.34
53.8703	1.09	27.04	14.27	8.49
15.1736	1.47	97.22	4.52	1.96
11.3574	3.35	81.50	5.67	1.64
14.375	0.65	53.41	7.21	4.74
21.2217	1.42	85.97	6.66	2.42
120.244	1.41	62.66	11.72	6.08
2.0835	5.66	41.21	4.11	3.20
71.3573	1.17	89.04	9.62	2.02
1.2627	4.22	15.68	6.59	3.63
7.39274	2.61	104.87	7.85	1.98
0.392199	5.02	17.65	4.29	3.62
109.293	1.76	109.44	6.96	1.59
61.3916	2.37	66.66	7.97	2.15
3.31511	4.58	141.27	8.49	1.66
0.271019	1.12	14.83	4.61	1.31
0	1.37	123.27	16.93	2.02
13.0855	1.37	123.27	16.93	2.02
0	27.09	44.59	1.62	2.53
0.0529411	35.41	61.39	2.71	3.12
28.0155	3.82	97.42	5.24	2.80
23.8221	1.17	103.24	4.17	4.25
729.686	1.38	98.80	12.91	9.70
25.3793	1.42	121.58	5.46	3.65
13.6611	1.42	121.58	5.46	3.65
10.1543	1.60	83.38	3.02	1.34
16.5234	1.33	101.46	8.06	1.90
44.629	1.61	36.06	12.27	3.90
4.15362	7.30	118.55	8.13	3.93
3.74739	1.35	96.78	5.21	1.63
0.0202346	3.27	45.91	2.15	2.03
9.48413	1.59	44.46	4.63	1.31
24.014	3.28	133.39	9.22	1.36
0.4014	21.59	114.69	4.44	2.72
115.197	1.66	64.56	10.00	2.63
0.0102727	44.21	18.75	2.98	2.01
0.208041	2.14	108.28	7.26	1.43
9.30015	2.14	108.28	7.26	1.43
0.88208	2.86	70.43	2.95	1.47
11.4473	2.71	111.41	6.04	1.09
4.29207	2.71	111.41	6.04	1.09
6.37011	1.88	60.77	4.06	2.55
6.37011	4.65	126.87	3.19	2.40
23.5441	1.33	114.60	7.24	2.33
67.3166	2.83	57.87	5.19	2.72
84.4473	1.03	53.08	7.64	12.26
0.288492	13.93	183.92	3.58	3.41
277.8	1.18	115.78	6.26	2.32
0.00696333	43.29	33.72	3.28	1.87
0.1216	27.69	58.15	3.28	3.25
0	2.33	18.75	4.22	0.87
0	28.83	35.99	2.54	2.34
14.0562	1.15	101.41	8.68	1.39
46.6179	1.21	110.60	9.67	6.96
17.9464	1.21	110.60	9.67	6.96
0.162319	13.60	17.48	3.32	2.61
1.71845	13.60	17.48	3.32	2.61
11.2412	2.59	100.56	4.30	1.11
0.0160946	41.17	24.00	2.54	2.36
0.0719261	47.88	20.00	3.89	2.36
4.76187	1.50	78.27	4.64	1.73
10.024	1.71	95.63	4.48	1.25
6.79161	1.71	95.63	4.48	1.25
0.276517	46.34	21.32	3.96	2.47
185.552	0.63	100.63	7.03	4.78
45.7715	1.40	125.14	11.96	4.68
1.57201	5.30	27.36	4.07	3.62
1.57201	3.63	43.69	6.45	2.45
0.117373	1.77	150.37	8.54	2.66
9.15788	1.77	150.37	8.54	2.66
1.66702	6.35	75.43	5.79	3.89
92.5769	1.12	44.78	15.59	4.38
43.439	1.29	85.40	11.69	3.96
90.0813	1.21	42.79	11.64	8.50
0.0350614	17.69	18.58	2.25	1.62
5.09234	4.32	96.94	6.71	3.70
0.124517	27.83	52.36	2.56	2.70
9.06412	1.50	90.00	4.31	2.09
13.6954	2.15	125.26	9.40	2.92
44.1219	1.52	63.32	7.87	2.19
0.0986805	16.83	130.91	5.35	2.20
5.56975	4.28	44.77	5.83	2.87
30.9713	1.93	80.75	5.24	1.52
5.6782	1.93	80.75	5.24	1.52
15.3727	1.49	58.73	13.31	7.61
26.7951	2.04	93.58	5.32	1.83
4.07287	2.04	93.58	5.32	1.83
11.0203	0.71	55.92	7.03	1.98
2.10278	1.00	97.92	6.52	1.16
7.73611	2.06	45.73	4.93	2.26
10.1349	1.71	91.28	10.53	2.92
0.0381208	25.03	38.02	3.19	2.69
34.411	1.33	133.45	9.71	1.88
27.1695	0.89	135.81	7.42	3.52
633.772	0.89	135.81	7.42	3.52
1.74318	29.69	64.24	3.03	3.44
4.15536	2.32	134.89	9.74	1.26
17.2386	1.66	58.29	8.28	1.64
4.57955	1.38	70.39	8.30	2.06
8.19231	3.98	122.96	9.36	2.02
117.9	0.67	84.75	7.72	1.27
0	3.12	22.80	1.88	1.04
0.0707447	4.16	69.14	6.30	1.40
4.99406	1.36	34.41	8.71	9.40
0.875694	1.12	63.93	11.74	9.85
32.4516	1.12	63.93	11.74	9.85
6.9459	3.80	32.90	6.08	1.97
7.82973	2.93	71.54	5.96	1.87
3.33002	2.93	71.54	5.96	1.87
1.16065	3.51	72.67	3.33	2.52
73.0681	1.14	42.79	9.03	5.32
0.757517	6.27	73.45	3.92	1.91
27.6677	1.18	107.78	6.98	1.15
0.00319896	32.47	5.04	3.01	2.17
5.07361	2.57	83.59	5.54	1.38
26.5154	2.50	92.88	5.40	3.14
1.04608	16.00	19.51	6.09	3.25
0.0582857	30.80	23.28	5.27	4.02
0.460465	34.72	69.90	5.15	4.02
17.0484	2.15	90.38	5.93	2.82
1.16917	5.89	22.13	3.35	2.82
58.9456	0.85	88.02	8.09	1.73
5.85843	4.96	112.83	7.51	2.37
5.78054	3.26	83.77	8.63	6.48
124.71	1.40	78.18	7.84	4.20
1.34048	5.79	27.88	4.61	2.87
60.0381	1.92	94.67	6.94	2.64
11.032	1.10	185.58	8.03	1.20
43.4942	1.22	80.94	12.66	2.53
51.4661	0.65	191.45	11.37	2.39
324.826	1.40	121.39	11.95	5.52
32.3278	1.40	121.39	11.95	5.52
2.66512	1.28	96.99	8.42	3.30
14.6187	1.28	96.99	8.42	3.30
15.7214	3.68	121.92	6.17	2.15
4.9787	1.17	117.44	10.59	0.89
14.0581	1.17	117.44	10.59	0.89
0.108039	0.49	31.37	10.28	0.79
20.3931	1.27	77.24	7.53	5.55
64.3562	1.27	77.24	7.53	5.55
0.00651326	25.65	53.04	3.69	2.79
2.44547	4.05	112.20	6.82	3.84
26.1423	3.11	102.88	5.83	1.65
1.88093	1.54	11.28	8.15	3.06
858.337	1.39	94.97	14.46	7.86
5.22169	1.39	94.97	14.46	7.86
0.0712912	6.31	17.31	0.77	2.88
4.16173	1.96	137.69	4.86	2.02
6.88555	2.30	40.32	5.12	1.43
5.21793	2.44	133.91	7.30	1.69
15.884	2.44	133.91	7.30	1.69
0.328017	34.59	27.85	4.24	3.73
41.4267	1.19	107.80	8.62	7.76
29.3651	1.25	61.05	15.39	2.95
6.46401	1.86	124.30	11.51	2.56
4.3385	1.71	137.05	10.65	2.49
5.2304	1.71	137.05	10.65	2.49
2.81525	3.01	36.07	7.84	2.19
0.0944139	36.02	54.88	3.00	2.14
0.473667	26.53	43.98	2.36	3.24
1.31558	1.04	21.13	4.71	1.31
1.31558	7.20	28.07	4.21	3.25
1.18442	18.14	19.77	4.02	4.66
7.4496	3.41	76.73	5.80	7.03
76.9933	3.41	76.73	5.80	7.03
1.31558	23.97	63.14	3.54	3.69
0.123102	1.10	41.25	9.18	2.39
5.07771	1.10	41.25	9.18	2.39
9.30506	0.89	111.20	5.63	1.69
0.902884	3.77	138.36	8.82	1.66
20.412	3.86	99.17	5.23	2.29
20.1043	1.54	49.93	20.98	9.71
0	1.54	49.93	20.98	9.71
23.3775	1.35	43.11	26.18	5.51
12.5799	1.65	63.22	10.20	2.98
0.339371	1.73	8.04	11.40	3.32
0	0.53	41.58	7.11	0.79
0.569169	1.21	105.65	4.42	1.86
0.731019	1.21	105.65	4.42	1.86
24.2759	1.78	100.20	9.69	2.43
0.22146	35.55	21.45	2.61	1.97
0.00204473	35.55	21.45	2.61	1.97
47.0285	1.43	81.75	7.64	4.33
14.5261	2.72	56.90	8.96	1.75
6.35568	1.58	119.08	9.44	1.81
1290.26	1.44	133.23	10.92	10.84
48.4695	1.44	133.23	10.92	10.84
7.28376	1.47	112.62	13.00	5.59
5.44847	1.08	66.21	6.12	2.02
7.84063	1.79	93.81	6.98	1.06
60.296	0.59	65.27	10.78	9.99
17.3305	0.59	65.27	10.78	9.99
1.65242	1.66	103.49	9.13	1.95
3.76076	0.97	88.15	5.61	1.11
11.7774	1.19	112.65	14.60	3.11
2.55948	0.60	15.90	1.47	0.20
1.91558	1.62	47.25	11.22	3.19
6.42231	0.52	59.14	6.45	1.41
33.7569	1.77	106.26	10.92	0.69
29.4491	1.48	78.51	7.60	4.10
56.9566	1.48	78.51	7.60	4.10
6.87559	1.74	58.43	6.66	1.77
9.41662	1.22	121.12	6.59	1.17
3.09176	1.22	121.12	6.59	1.17
31.7151	2.42	28.36	8.54	2.22
140.852	0.73	93.00	10.38	3.82
20.9539	1.15	66.38	9.34	5.87
6.05813	1.69	51.11	7.57	1.95
7.17073	1.90	50.17	6.50	2.16
2.00817	1.90	50.17	6.50	2.16
284.981	0.93	75.80	8.98	4.86
2.33531	6.44	74.25	4.40	2.27
58.7519	1.66	107.28	13.14	2.48
554.647	1.23	81.88	8.36	6.53
33.5065	1.09	94.05	9.84	2.79
62.3174	1.21	55.16	14.86	5.58
13.2407	0.90	18.55	8.79	5.87
13.2407	1.39	107.39	10.86	3.70
0.10739	1.41	97.90	10.55	1.51
15.4951	1.41	97.90	10.55	1.51
40.4227	0.96	70.43	8.83	0.79
9.08962	0.92	87.89	12.35	1.44
76.6415	1.29	72.18	13.61	13.84
76.6415	1.52	134.46	13.71	25.74
218.445	1.52	134.46	13.71	25.74
236.104	1.52	134.46	13.71	25.74
105.716	0.91	108.75	8.13	3.69
0.355698	1.03	73.41	10.94	10.24
0	1.03	73.41	10.94	10.24
14.7206	1.03	73.41	10.94	10.24
5.21413	1.31	100.63	9.71	2.98
60.4377	1.31	100.63	9.71	2.98
26.9745	0.64	105.07	10.25	7.85
0.0906337	1.28	108.40	12.14	6.58
11.9485	1.28	108.40	12.14	6.58
11.6215	0.40	71.29	8.35	1.60
128.171	0.78	101.16	7.35	2.90
44.9931	1.42	129.22	13.10	5.00
14.3878	1.42	129.22	13.10	5.00
8.26475	1.43	33.22	11.12	4.57
6.62411	1.43	33.22	11.12	4.57
0.897231	2.61	19.95	6.65	2.78
185.2	0.82	88.16	11.00	8.61
35.4717	0.78	110.64	5.80	2.64
135.429	1.05	95.46	11.95	9.84
9.76308	1.05	95.46	11.95	9.84
2.41049e-06	1.05	95.46	11.95	9.84
20.7912	1.43	95.88	8.88	4.04
68.0082	1.17	91.23	9.08	4.09
10.2408	0.76	72.36	9.07	1.93
51.9117	1.34	82.90	9.51	6.29
22.4152	0.59	99.94	8.50	1.89
1502.3	1.08	85.69	10.90	15.36
8.60503	1.56	26.19	9.96	2.92
12.8818	3.35	74.43	3.91	3.15
46.8749	1.22	101.26	9.48	2.86
563.153	0.91	108.41	8.53	6.74
